31917
13049
51301
32331
46430
15380
2221
1025
16896
31778
64102
36784
17355
61303
58286
28231
31548
3807
55868
47928
11698
64102
63925
51212
15542
13975
15071
2790
12685
63077
11222
13368
8647
47297
19350
21278
38254
18551
3955
40847
35570
37617
3793
30561
30908
63455
39913
55733
46653
37941
18120
39397
3845
3797
46432
10650
51129
51506
40812
10162
65385
16846
2794
26940
56684
28330
33892
26982
15748
55849
39248
36559
46877
8811
24887
32455
45548
59717
10044
27582
20414
22222
215
29105
61856
39272
15022
21533
870
41279
24873
23336
5373
2548
23268
21357
33304
22650
38465
27515
30748
33991
60698
36319
56535
7026
18548
1237
53155
730
40403
28521
28602
17947
61300
64938
34429
58988
5006
21595
18685
3446
11272
36552
51698
35139
39704
26963
62021
63657
35123
26384
792
48623
39140
39592
11930
45312
31939
56600
48545
43775
52745
36292
21702
44824
46751
15675
9580
30614
60129
51446
27422
8093
44380
49353
21873
6371
31841
24747
3810
30291
56794
53623
43994
12373
64679
47930
32443
35410
25346
55859
14447
21139
45651
16009
54539
49851
25053
3309
9127
16281
5541
1350
39940
53050
17829
13081
40445
35970
42377
2962
27343
42023
61055
54500
32860
65488
29168
40242
10279
63012
50433
49504
18368
26952
9256
12730
58428
15723
7099
18478
32623
3767
63774
19777
63675
23877
26454
17251
65103
57130
62642
28315
17235
26719
40217
26286
38218
32368
36997
36376
56346
40667
30413
9976
60872
58101
19439
12873
40597
44910
29275
62478
24739
45138
52735
43614
14685
30943
8866
27660
32557
45330
48575
36862
15772
1450
52823
42639
57633
53901
4114
19652
54491
16313
26867
46063
35736
52710
19941
440
22738
58972
43265
62211
61024
14718
16535
55663
1611
42234
24136
60984
1607
5743
34242
32688
26932
50469
12720
1769
44097
3548
50897
13248
60788
56082
42962
21592
31349
31278
46089
44218
13612
63379
38550
49580
63891
2197
28152
53643
29290
24340
15704
42187
64014
14153
47971
6281
1918
33098
54886
48648
5645
13695
17719
15528
7790
61818
51167
52971
23091
45565
5384
55509
48460
27556
37176
48273
64666
62916
48674
25582
6742
34535
12799
32877
55953
16458
60491
64102
38957
37345
3477
97
12034
47895
36508
23694
57229
14841
16115
17791
38033
33515
30753
35589
335
2764
59074
28390
61402
13478
6959
29912
26788
34583
15700
11400
20310
9359
63373
15691
43713
39156
6457
33751
10195
59096
28387
47451
61058
23359
10899
7826
38290
6227
62996
59230
48057
51807
25174
27212
29529
26315
1401
19826
32535
48871
56348
23887
10801
45185
48402
23941
62720
45249
10299
52219
5507
45720
60713
14383
64176
9680
825
55243
14548
9882
5901
27054
64110
23359
24294
10134
52571
24404
1224
34479
17626
44268
8348
18108
57122
28060
51711
57547
11889
31403
8058
48976
51835
38370
23402
58569
46555
53053
48291
16761
60399
26509
28041
5917
52403
55628
59072
28807
15865
6013
63096
3375
6589
23231
31065
48275
61744
55116
33316
13407
12497
36651
45013
1420
17579
49931
33584
45539
51692
44625
54039
41749
1484
42920
60995
10451
30242
7128
24597
53911
10173
21557
47271
48671
44653
35242
42220
31588
54332
24759
18020
17462
56725
52932
14644
44761
12445
21824
28470
4757
13220
63558
50606
18632
54016
58481
34078
44950
42662
10003
18057
39603
36153
31917
45662
7452
33199
8289
21189
6800
50148
52116
6173
19216
18526
5109
64148
42007
402
61337
21019
60603
33368
65268
32163
63976
55075
64452
26385
45166
14196
16005
29108
55809
25509
8680
47287
41752
33431
22960
61689
10054
3925
20472
14741
23461
42612
50729
3856
24609
7840
19756
2563
25681
31916
28678
8855
55424
49969
27686
41227
14918
60679
6267
26805
62368
14966
46932
53518
9780
22471
13356
9993
59527
23082
5423
19299
8894
33603
52652
47081
29197
42179
16927
49480
65499
43596
5418
56286
10697
41180
42522
25570
62607
48664
45690
17077
13163
47099
64596
20516
55980
52133
41705
32174
19499
21062
31624
26326
25181
47568
26778
29590
18538
15871
44473
11296
42434
17064
38214
65225
34742
45802
28273
36158
42724
8091
18098
38006
60859
27379
38615
54862
27825
56726
65322
45987
31966
23211
46888
46438
42458
45881
24785
25030
50572
36215
56693
58184
62137
169
46757
10735
64368
35472
53659
60797
14758
54707
57966
60122
43049
28969
24295
43166
45904
63545
15120
16238
41254
43860
15327
1302
44810
27177
8935
29807
7362
45189
57618
23472
26911
23409
41517
52598
32985
53706
10234
51875
44964
51634
7561
21102
52048
29456
56127
59145
31826
52384
21841
32298
17249
26133
31222
55779
7261
45910
13849
60889
30882
21722
20393
64288
63838
42003
42896
41058
29454
19125
43829
8257
39097
25874
29406
27637
23951
29785
28377
8087
61724
21131
36328
3922
58061
8300
27654
31789
51204
19195
38202
43939
59974
58256
64955
51688
25426
34889
636
33497
25067
33771
7303
7265
32112
61804
47544
36335
18122
63888
46977
48777
5270
28065
56262
56715
11650
25186
30147
33825
24590
10063
26795
48849
8588
16714
9283
16774
61605
31283
8402
19823
53385
49626
64533
22893
50088
32117
16457
29478
40237
694
40296
56198
55817
47018
9092
21612
25469
39523
5077
25122
46989
36866
41292
53463
28255
41805
30926
47185
2102
32018
59858
3441
23748
40224
53567
21786
35889
50933
1816
63032
31472
23256
37815
58304
21761
61385
44822
17227
25243
1558
56487
25652
20666
31413
62567
54685
35571
63894
46723
59941
6778
55034
34385
11824
53179
54756
1005
42070
2417
43460
40308
23070
56595
48301
35358
41252
33330
36535
26239
60676
56220
4154
21047
47205
40979
44149
47276
35473
44808
28154
6207
7688
26331
10135
10729
3912
38740
56371
50921
25644
52999
37828
7911
40889
2857
19501
3943
7809
10582
65532
18814
50373
12329
41853
1260
60473
34941
8246
9245
17066
27694
30781
17313
26843
6685
25564
23853
34794
10425
36181
37675
26544
39529
32216
53671
26715
2064
58669
9482
59567
22548
41
43589
22489
31186
62041
34660
26897
36970
12873
27392
32630
54023
1833
9500
36093
17856
14023
18648
55084
52193
42539
46126
41709
5261
59872
58889
58705
35770
48886
17340
11457
62941
40981
43302
58478
14866
13291
45899
28057
20473
4317
16339
55076
24966
16047
15628
63226
12383
